0
0
0
31.361
16.689
0
31.361
16.689
1
31.249
16.577
1
31.361
16.465
1
31.473
16.577
1
31.361
16.689
1
31.361
16.689
0
31.361
16.689
0
10.976
16.801
0
10.976
16.801
1
11.2
16.465
1
11.312
16.353
1
11.536
16.241
1
11.76
16.241
1
11.984
16.353
1
12.096
16.577
1
12.096
16.913
1
11.984
17.137
1
11.76
17.249
1
11.648
17.249
1
11.536
17.137
1
11.536
16.913
1
11.648
16.689
1
11.76
16.577
1
11.984
16.465
1
11.984
16.465
0
11.984
16.465
0
12.096
16.801
0
12.096
16.801
1
12.32
16.465
1
12.432
16.353
1
12.656
16.241
1
12.768
16.241
1
12.88
16.353
1
12.88
16.689
1
12.768
17.249
1
12.768
17.249
0
12.768
17.249
0
12.32
18.593
0
12.32
18.593
1
12.992
16.577
1
13.104
16.353
1
13.328
16.241
1
13.552
16.241
1
13.776
16.353
1
13.888
16.577
1
13.888
16.801
1
13.776
17.025
1
13.664
17.137
1
13.44
17.249
1
13.216
17.249
1
12.992
17.137
1
12.88
16.913
1
12.88
16.913
0
12.88
16.913
0
13.888
16.801
0
13.888
16.801
1
14.112
16.465
1
14.224
16.353
1
14.448
16.241
1
14.56
16.241
1
14.672
16.353
1
14.672
16.577
1
14.56
16.913
1
14.56
17.137
1
14.672
17.249
1
14.896
17.249
1
15.12
17.137
1
15.344
16.801
1
15.456
16.577
1
15.456
16.577
0
15.456
16.577
0
15.568
16.241
0
15.568
16.241
1
15.456
16.577
1
15.344
17.025
1
15.344
17.137
1
15.456
17.249
1
15.68
17.137
1
15.904
16.801
1
15.904
16.801
0
15.904
16.801
0
15.904
16.801
0
15.904
16.801
1
16.129
16.465
1
16.241
16.353
1
16.465
16.241
1
16.577
16.241
1
16.689
16.353
1
16.689
16.689
1
16.577
17.249
1
16.801
16.577
1
16.913
16.353
1
17.137
16.241
1
17.361
16.241
1
17.585
16.353
1
17.697
16.577
1
17.697
16.801
1
17.585
17.025
1
17.473
17.137
1
17.249
17.249
1
17.025
17.249
1
16.801
17.137
1
16.689
16.913
1
16.689
16.913
0
16.689
16.913
0
17.697
16.801
0
17.697
16.801
1
17.921
16.465
1
18.033
16.353
1
18.257
16.241
1
18.369
16.241
1
18.481
16.353
1
18.481
16.465
1
18.369
16.801
1
18.369
17.025
1
18.481
17.137
1
18.817
17.137
1
18.817
17.361
1
18.929
17.137
1
19.153
16.801
1
19.153
16.801
0
19.153
16.801
0
21.505
17.025
0
21.505
17.025
1
21.505
16.801
1
21.393
16.577
1
21.169
16.353
1
20.833
16.241
1
20.385
16.241
1
20.049
16.353
1
19.825
16.577
1
19.713
16.801
1
19.601
17.361
1
19.601
18.033
1
19.713
17.809
1
19.825
17.697
1
20.161
17.585
1
20.609
17.585
1
20.833
17.697
1
20.945
17.921
1
20.945
18.257
1
20.833
18.481
1
20.721
18.593
1
20.609
18.593
1
20.497
18.481
1
20.497
18.145
1
20.609
17.697
1
20.721
17.361
1
21.057
16.801
1
21.505
16.353
1
21.729
16.241
1
21.729
16.241
0
21.729
16.241
0
21.729
16.801
0
21.729
16.801
1
21.953
16.465
1
22.065
16.353
1
22.289
16.241
1
22.401
16.241
1
22.513
16.353
1
22.513
16.689
1
22.401
17.249
1
22.625
16.577
1
22.737
16.353
1
22.961
16.241
1
23.185
16.241
1
23.409
16.353
1
23.521
16.577
1
23.521
16.801
1
23.409
17.025
1
23.297
17.137
1
23.073
17.249
1
22.849
17.249
1
22.625
17.137
1
22.513
16.913
1
22.513
16.913
0
22.513
16.913
0
23.521
16.801
0
23.521
16.801
1
23.745
16.465
1
23.857
16.353
1
24.081
16.241
1
24.193
16.241
1
24.305
16.353
1
24.305
16.577
1
24.193
16.913
1
24.193
17.137
1
24.305
17.249
1
24.529
17.249
1
24.753
17.137
1
24.977
16.801
1
25.089
16.577
1
25.089
16.577
0
25.089
16.577
0
25.201
16.241
0
25.201
16.241
1
25.089
16.577
1
24.977
17.025
1
24.977
17.137
1
25.089
17.249
1
25.313
17.137
1
25.537
16.801
1
25.537
16.801
0
25.537
16.801
0
25.537
16.801
0
25.537
16.801
1
25.761
16.465
1
25.873
16.353
1
26.097
16.241
1
26.209
16.241
1
26.321
16.353
1
26.321
16.689
1
26.209
17.249
1
26.433
16.577
1
26.545
16.353
1
26.769
16.241
1
26.993
16.241
1
27.217
16.353
1
27.329
16.577
1
27.329
16.801
1
27.217
17.025
1
27.105
17.137
1
26.881
17.249
1
26.657
17.249
1
26.433
17.137
1
26.321
16.913
1
26.321
16.913
0
26.321
16.913
0
27.329
16.801
0
27.329
16.801
1
27.553
16.465
1
27.665
16.353
1
27.889
16.241
1
28.001
16.241
1
28.113
16.353
1
28.113
16.577
1
27.889
17.249
1
28.113
16.801
1
28.113
16.801
0
28.113
16.801
0
27.777
17.809
0
27.777
17.809
1
27.665
17.809
1
27.665
17.697
1
27.777
17.697
1
27.777
17.809
1
27.777
17.809
0
27.777
17.809
0
28.113
16.801
0
28.113
16.801
1
28.337
16.465
1
28.449
16.353
1
28.673
16.241
1
28.785
16.241
1
28.897
16.353
1
28.897
16.465
1
28.785
16.801
1
28.785
17.025
1
28.897
17.137
1
29.233
17.137
1
29.233
17.361
1
29.345
17.137
1
29.569
16.801
1
29.569
16.801
0
29.569
16.801
0
29.793
16.241
0
29.793
16.241
1
30.353
16.241
1
30.689
16.353
1
31.025
16.577
1
31.249
16.801
1
31.361
17.025
1
31.361
17.249
1
31.249
17.361
1
31.025
17.361
1
30.689
17.137
1
30.465
16.913
1
30.241
16.577
1
30.129
16.241
1
30.129
18.593
1
30.465
17.921
1
30.913
17.137
1
31.249
16.689
1
31.585
16.353
1
31.809
16.241
1
31.809
16.241
0
31.809
16.241
0
1.7921
21.841
0
1.7921
21.841
1
1.568
22.065
1
1.568
22.289
1
1.6801
22.401
1
1.7921
22.289
1
1.6801
22.177
1
1.568
22.289
1
1.568
22.289
0
1.568
22.289
0
2.1281
22.401
0
2.1281
22.401
1
2.4641
22.065
1
2.8001
21.841
1
3.0241
21.729
1
3.3602
21.505
1
3.6962
21.169
1
3.8082
20.833
1
3.8082
20.609
1
3.6962
20.497
1
3.4722
20.609
1
3.3602
20.833
1
2.6881
22.849
1
2.6881
22.849
0
2.6881
22.849
0
2.8001
22.513
0
2.8001
22.513
1
3.0241
22.177
1
3.2482
21.953
1
3.4722
21.841
1
3.6962
21.841
1
3.8082
21.953
1
3.8082
22.177
1
3.5842
22.849
1
3.8082
22.401
1
3.8082
22.401
0
3.8082
22.401
0
3.8082
22.401
0
3.8082
22.401
1
4.0322
22.065
1
4.1442
21.953
1
4.3682
21.841
1
4.4802
21.841
1
4.5922
21.953
1
4.5922
22.625
1
4.4802
23.409
1
4.3682
23.857
1
4.2562
24.081
1
4.0322
24.193
1
3.9202
24.081
1
3.9202
23.857
1
4.0322
23.521
1
4.1442
23.297
1
4.4802
22.737
1
4.7042
22.401
1
4.7042
22.401
0
4.7042
22.401
0
4.7042
22.401
0
4.7042
22.401
1
4.9283
22.065
1
5.0403
21.953
1
5.2643
21.841
1
5.3763
21.841
1
5.4883
21.953
1
5.4883
22.065
1
5.3763
22.401
1
5.3763
22.625
1
5.4883
22.737
1
5.8243
22.737
1
5.8243
22.961
1
5.9363
22.737
1
6.1603
22.401
1
6.1603
22.401
0
6.1603
22.401
0
6.1603
22.401
0
6.1603
22.401
1
6.3843
22.065
1
6.4964
21.953
1
6.7204
21.841
1
6.9444
21.841
1
7.1684
21.953
1
7.2804
22.177
1
7.2804
22.513
1
7.1684
22.737
1
6.9444
22.849
1
6.8324
22.849
1
6.7204
22.737
1
6.7204
22.513
1
6.8324
22.289
1
6.9444
22.177
1
7.1684
22.065
1
7.1684
22.065
0
7.1684
22.065
0
7.2804
22.401
0
7.2804
22.401
1
7.5044
22.065
1
7.8404
21.841
1
8.1765
21.841
1
8.4005
21.953
1
8.5125
22.177
1
8.5125
22.401
1
8.4005
22.625
1
8.2885
22.737
1
8.0645
22.849
1
7.8404
22.849
1
7.7284
22.737
1
7.7284
22.625
1
7.7284
22.625
0
7.7284
22.625
0
8.5125
22.401
0
8.5125
22.401
1
8.7365
22.065
1
8.8485
21.953
1
9.0725
21.841
1
9.1845
21.841
1
9.2965
21.953
1
9.2965
22.177
1
9.1845
22.513
1
9.1845
22.737
1
9.2965
22.849
1
9.5205
22.849
1
9.7446
22.737
1
9.9686
22.401
1
10.08
22.177
1
10.08
22.177
0
10.08
22.177
0
10.192
21.841
0
10.192
21.841
1
10.08
22.177
1
9.9686
22.625
1
9.9686
22.737
1
10.08
22.849
1
10.304
22.737
1
10.528
22.401
1
10.528
22.401
0
10.528
22.401
0
10.528
22.401
0
10.528
22.401
1
10.752
22.065
1
10.864
21.953
1
11.088
21.841
1
11.2
21.841
1
11.312
21.953
1
11.312
22.177
1
11.088
22.849
1
11.312
22.401
1
11.312
22.401
0
11.312
22.401
0
10.976
23.409
0
10.976
23.409
1
10.864
23.409
1
10.864
23.297
1
10.976
23.297
1
10.976
23.409
1
10.976
23.409
0
10.976
23.409
0
13.328
22.625
0
13.328
22.625
1
13.328
22.401
1
13.216
22.177
1
12.992
21.953
1
12.656
21.841
1
12.208
21.841
1
11.872
21.953
1
11.76
22.065
1
11.648
22.289
1
11.648
22.513
1
11.76
22.737
1
11.984
22.961
1
12.32
23.185
1
12.544
23.409
1
12.656
23.633
1
12.656
23.857
1
12.544
24.081
1
12.432
24.193
1
12.32
24.193
1
12.208
24.081
1
12.208
23.745
1
12.32
23.409
1
12.544
22.961
1
12.768
22.625
1
13.104
22.177
1
13.328
21.953
1
13.552
21.841
1
13.552
21.841
0
13.552
21.841
0
14.112
24.193
0
14.112
24.193
0
14.112
24.193
0
14.784
23.297
0
14.784
23.297
1
15.568
23.297
1
15.568
23.297
0
15.568
23.297
0
14.672
22.401
0
14.672
22.401
1
14.896
22.065
1
15.008
21.953
1
15.232
21.841
1
15.456
21.841
1
15.568
21.953
1
15.568
22.177
1
14.896
24.193
1
14.896
24.193
0
14.896
24.193
0
15.232
23.185
0
15.232
23.185
1
15.456
22.737
1
15.68
22.401
1
15.68
22.401
0
15.68
22.401
0
15.68
22.401
0
15.68
22.401
1
15.904
22.065
1
16.016
21.953
1
16.241
21.841
1
16.689
21.841
1
16.913
21.953
1
16.913
21.953
0
16.913
21.953
0
16.465
21.841
0
16.465
21.841
1
16.241
21.953
1
16.241
22.177
1
16.353
22.401
1
16.577
22.737
1
16.577
22.961
1
16.689
22.737
1
16.913
22.401
1
16.913
22.401
0
16.913
22.401
0
16.913
22.401
0
16.913
22.401
1
17.025
22.289
1
17.249
22.177
1
17.585
22.177
1
17.809
22.289
1
17.921
22.513
1
17.921
22.737
1
17.809
22.849
1
17.585
22.737
1
17.473
22.513
1
17.473
22.289
1
17.585
22.065
1
17.697
21.953
1
17.921
21.841
1
18.145
21.841
1
18.369
21.953
1
18.481
22.177
1
18.481
22.401
1
18.369
22.625
1
18.257
22.737
1
18.033
22.849
1
17.809
22.849
1
17.809
22.849
0
17.809
22.849
0
18.481
22.401
0
18.481
22.401
1
18.705
22.065
1
18.817
21.953
1
19.041
21.841
1
19.153
21.841
1
19.265
21.953
1
19.265
22.289
1
19.041
23.073
1
18.929
23.633
1
18.929
23.857
1
19.041
24.081
1
19.265
24.193
1
19.377
24.193
1
19.601
24.081
1
19.713
23.969
1
19.937
23.521
1
20.273
22.625
1
20.273
22.625
0
20.273
22.625
0
20.497
21.841
0
20.497
21.841
1
20.273
22.625
1
20.161
23.073
1
20.049
23.633
1
20.049
23.857
1
20.161
24.081
1
20.385
24.193
1
20.497
24.193
1
20.721
24.081
1
20.833
23.969
1
21.057
23.521
1
21.393
22.625
1
21.393
22.625
0
21.393
22.625
0
21.617
21.841
0
21.617
21.841
1
21.393
22.625
1
21.281
23.073
1
21.169
23.633
1
21.169
23.857
1
21.281
24.081
1
21.505
24.193
1
21.617
24.193
1
21.841
24.081
1
21.953
23.857
1
21.953
23.745
1
21.841
23.521
1
21.617
23.409
1
21.617
23.409
0
21.617
23.409
0
22.737
24.193
0
22.737
24.193
0
22.737
24.193
0
23.297
22.401
0
23.297
22.401
1
23.521
22.065
1
23.633
21.953
1
23.857
21.841
1
24.305
21.841
1
24.529
21.953
1
24.529
21.953
0
24.529
21.953
0
24.081
21.841
0
24.081
21.841
1
23.857
21.953
1
23.857
22.177
1
23.969
22.401
1
24.193
22.737
1
24.193
22.961
1
24.305
22.737
1
24.529
22.401
1
24.529
22.401
0
24.529
22.401
0
24.529
22.401
0
24.529
22.401
1
24.753
22.065
1
24.865
21.953
1
25.089
21.841
1
25.201
21.841
1
25.313
21.953
1
25.313
22.065
1
25.201
22.401
1
25.201
22.625
1
25.313
22.737
1
25.649
22.737
1
25.649
22.961
1
25.761
22.737
1
25.985
22.401
1
25.985
22.401
0
25.985
22.401
0
25.985
22.401
0
25.985
22.401
1
26.209
22.065
1
26.321
21.953
1
26.545
21.841
1
26.657
21.841
1
26.769
21.953
1
26.769
22.177
1
26.545
22.849
1
26.545
22.849
0
26.545
22.849
0
26.657
22.513
0
26.657
22.513
1
26.881
22.177
1
27.105
21.953
1
27.329
21.841
1
27.553
21.841
1
27.665
21.953
1
27.665
22.177
1
27.441
22.849
1
27.665
22.401
1
27.665
22.401
0
27.665
22.401
0
27.665
22.401
0
27.665
22.401
1
27.777
22.289
1
28.001
22.177
1
28.337
22.177
1
28.561
22.289
1
28.673
22.513
1
28.673
22.737
1
28.561
22.849
1
28.337
22.737
1
28.225
22.513
1
28.225
22.289
1
28.337
22.065
1
28.449
21.953
1
28.673
21.841
1
28.897
21.841
1
29.121
21.953
1
29.233
22.177
1
29.233
22.401
1
29.121
22.625
1
29.009
22.737
1
28.785
22.849
1
28.561
22.849
1
28.561
22.849
0
28.561
22.849
0
29.457
22.401
0
29.457
22.401
1
30.017
22.065
1
30.353
21.841
1
30.689
21.505
1
30.913
21.169
1
31.025
20.833
1
31.025
20.609
1
30.913
20.497
1
30.689
20.609
1
30.465
21.057
1
30.241
21.617
1
30.017
22.289
1
29.681
23.409
1
29.457
24.193
1
29.457
24.193
0
29.457
24.193
0
29.681
23.409
0
29.681
23.409
1
29.905
22.737
1
30.017
22.513
1
30.241
22.177
1
30.465
21.953
1
30.689
21.841
1
30.913
21.841
1
31.025
21.953
1
31.137
22.177
1
31.137
22.401
1
31.025
22.849
1
30.913
23.185
1
30.801
23.633
1
30.801
23.857
1
30.913
24.081
1
31.137
24.193
1
31.249
24.193
1
31.473
24.081
1
31.585
23.857
1
31.585
23.745
1
31.473
23.521
1
31.249
23.409
1
31.249
23.409
0
31.249
23.409
0
3.4722
44.802
0
3.4722
44.802
1
3.6962
44.466
1
3.8082
44.354
1
4.0322
44.242
1
4.1442
44.242
1
4.2562
44.354
1
4.2562
44.466
1
4.1442
44.802
1
4.1442
45.026
1
4.2562
45.138
1
4.5922
45.138
1
4.5922
45.362
1
4.7042
45.138
1
4.9283
44.802
1
4.9283
44.802
0
4.9283
44.802
0
4.9283
44.802
0
4.9283
44.802
1
5.1523
44.466
1
5.2643
44.354
1
5.4883
44.242
1
5.7123
44.242
1
5.9363
44.354
1
6.0483
44.578
1
6.0483
44.914
1
5.9363
45.138
1
5.7123
45.25
1
5.6003
45.25
1
5.4883
45.138
1
5.4883
44.914
1
5.6003
44.69
1
5.7123
44.578
1
5.9363
44.466
1
5.9363
44.466
0
5.9363
44.466
0
6.1603
45.698
0
6.1603
45.698
1
6.9444
45.698
1
6.9444
45.698
0
6.9444
45.698
0
6.0483
44.802
0
6.0483
44.802
1
6.2723
44.466
1
6.3843
44.354
1
6.6084
44.242
1
6.8324
44.242
1
6.9444
44.354
1
6.9444
44.578
1
6.2723
46.594
1
6.2723
46.594
0
6.2723
46.594
0
6.6084
45.586
0
6.6084
45.586
1
6.8324
45.138
1
7.0564
44.802
1
7.0564
44.802
0
7.0564
44.802
0
7.0564
44.802
0
7.0564
44.802
1
7.2804
44.466
1
7.3924
44.354
1
7.6164
44.242
1
7.7284
44.242
1
7.8404
44.354
1
7.8404
44.69
1
7.7284
45.25
1
7.9524
44.578
1
8.0645
44.354
1
8.2885
44.242
1
8.5125
44.242
1
8.7365
44.354
1
8.8485
44.578
1
8.8485
44.802
1
8.7365
45.026
1
8.6245
45.138
1
8.4005
45.25
1
8.1765
45.25
1
7.9524
45.138
1
7.8404
44.914
1
7.8404
44.914
0
7.8404
44.914
0
8.8485
44.802
0
8.8485
44.802
1
9.0725
44.466
1
9.1845
44.354
1
9.4085
44.242
1
9.5205
44.242
1
9.6325
44.354
1
9.6325
45.026
1
9.5205
45.81
1
9.4085
46.258
1
9.2965
46.482
1
9.0725
46.594
1
8.9605
46.482
1
8.9605
46.258
1
9.0725
45.922
1
9.1845
45.698
1
9.5205
45.138
1
9.7446
44.802
1
9.7446
44.802
0
9.7446
44.802
0
10.304
46.594
0
10.304
46.594
0
10.304
46.594
0
10.864
44.802
0
10.864
44.802
1
11.088
44.466
1
11.2
44.354
1
11.424
44.242
1
11.536
44.242
1
11.648
44.354
1
11.648
44.578
1
11.424
45.25
1
11.424
45.25
0
11.424
45.25
0
11.536
44.914
0
11.536
44.914
1
11.76
44.578
1
11.984
44.354
1
12.208
44.242
1
12.432
44.242
1
12.544
44.354
1
12.544
44.578
1
12.32
45.25
1
12.544
44.802
1
12.544
44.802
0
12.544
44.802
0
12.544
44.802
0
12.544
44.802
1
12.656
44.69
1
12.88
44.578
1
13.216
44.578
1
13.44
44.69
1
13.552
44.914
1
13.552
45.138
1
13.44
45.25
1
13.216
45.138
1
13.104
44.914
1
13.104
44.69
1
13.216
44.466
1
13.328
44.354
1
13.552
44.242
1
13.776
44.242
1
14.0
44.354
1
14.112
44.578
1
14.112
44.802
1
14.0
45.026
1
13.888
45.138
1
13.664
45.25
1
13.44
45.25
1
13.44
45.25
0
13.44
45.25
0
14.112
44.802
0
14.112
44.802
1
14.448
44.466
1
14.784
44.242
1
15.008
44.13
1
15.344
43.906
1
15.68
43.57
1
15.792
43.234
1
15.792
43.01
1
15.68
42.898
1
15.456
43.01
1
15.344
43.234
1
14.672
45.25
1
14.672
45.25
0
14.672
45.25
0
14.784
44.914
0
14.784
44.914
1
15.008
44.578
1
15.232
44.354
1
15.456
44.242
1
15.68
44.242
1
15.792
44.354
1
15.792
44.578
1
15.568
45.25
1
15.792
44.802
1
15.792
44.802
0
15.792
44.802
0
16.353
46.594
0
16.353
46.594
0
16.353
46.594
0
16.913
44.802
0
16.913
44.802
1
17.137
44.466
1
17.249
44.354
1
17.473
44.242
1
17.697
44.242
1
17.921
44.354
1
18.033
44.578
1
18.033
44.914
1
17.921
45.138
1
17.697
45.25
1
17.585
45.25
1
17.473
45.138
1
17.473
44.914
1
17.585
44.69
1
17.697
44.578
1
17.921
44.466
1
17.921
44.466
0
17.921
44.466
0
18.033
44.802
0
18.033
44.802
1
18.257
44.466
1
18.369
44.354
1
18.593
44.242
1
18.817
44.242
1
19.041
44.354
1
19.153
44.578
1
19.153
44.914
1
19.041
45.138
1
18.817
45.25
1
18.705
45.25
1
18.593
45.138
1
18.593
44.914
1
18.705
44.69
1
18.817
44.578
1
19.041
44.466
1
19.041
44.466
0
19.041
44.466
0
19.153
44.802
0
19.153
44.802
1
19.377
44.466
1
19.489
44.354
1
19.713
44.242
1
20.161
44.242
1
20.385
44.354
1
20.385
44.354
0
20.385
44.354
0
19.937
44.242
0
19.937
44.242
1
19.713
44.354
1
19.713
44.578
1
19.825
44.802
1
20.049
45.138
1
20.049
45.362
1
20.161
45.138
1
20.385
44.802
1
20.385
44.802
0
20.385
44.802
0
20.945
46.594
0
20.945
46.594
0
20.945
46.594
0
21.505
44.802
0
21.505
44.802
1
21.729
44.466
1
21.841
44.354
1
22.065
44.242
1
22.177
44.242
1
22.289
44.354
1
22.289
44.578
1
22.065
45.25
1
22.065
45.25
0
22.065
45.25
0
22.177
44.914
0
22.177
44.914
1
22.401
44.578
1
22.625
44.354
1
22.849
44.242
1
23.073
44.242
1
23.185
44.354
1
23.185
44.578
1
22.961
45.25
1
23.185
44.802
1
23.185
44.802
0
23.185
44.802
0
23.185
44.802
0
23.185
44.802
1
23.297
44.69
1
23.521
44.578
1
23.857
44.578
1
24.081
44.69
1
24.193
44.914
1
24.193
45.138
1
24.081
45.25
1
23.857
45.138
1
23.745
44.914
1
23.745
44.69
1
23.857
44.466
1
23.969
44.354
1
24.193
44.242
1
24.417
44.242
1
24.641
44.354
1
24.753
44.578
1
24.753
44.802
1
24.641
45.026
1
24.529
45.138
1
24.305
45.25
1
24.081
45.25
1
24.081
45.25
0
24.081
45.25
0
24.753
44.802
0
24.753
44.802
1
25.089
44.466
1
25.425
44.242
1
25.649
44.13
1
25.985
43.906
1
26.321
43.57
1
26.433
43.234
1
26.433
43.01
1
26.321
42.898
1
26.097
43.01
1
25.985
43.234
1
25.313
45.25
1
25.313
45.25
0
25.313
45.25
0
25.425
44.914
0
25.425
44.914
1
25.649
44.578
1
25.873
44.354
1
26.097
44.242
1
26.321
44.242
1
26.433
44.354
1
26.433
44.578
1
26.209
45.25
1
26.433
44.802
1
26.433
44.802
0
26.433
44.802
0
26.993
46.594
0
26.993
46.594
0
26.993
46.594
0
27.553
44.802
0
27.553
44.802
1
27.777
44.466
1
27.889
44.354
1
28.113
44.242
1
28.225
44.242
1
28.337
44.354
1
28.337
44.578
1
28.225
44.914
1
28.225
45.138
1
28.337
45.25
1
28.561
45.25
1
28.785
45.138
1
29.009
44.802
1
29.121
44.578
1
29.233
44.242
1
29.233
44.242
0
29.233
44.242
0
29.233
44.242
0
29.233
44.242
1
29.121
45.138
1
29.009
45.81
1
28.897
46.258
1
28.785
46.482
1
28.561
46.594
1
28.449
46.482
1
28.449
46.258
1
28.561
45.922
1
28.673
45.698
1
29.009
45.138
1
29.233
44.802
1
29.233
44.802
0
29.233
44.802
0
29.233
44.802
0
29.233
44.802
1
29.457
44.466
1
29.569
44.354
1
29.793
44.242
1
29.905
44.242
1
30.017
44.354
1
30.017
44.578
1
29.793
45.25
1
29.793
45.25
0
29.793
45.25
0
29.905
44.914
0
29.905
44.914
1
30.129
44.578
1
30.353
44.354
1
30.577
44.242
1
30.801
44.242
1
30.913
44.354
1
30.913
44.578
1
30.689
45.25
1
30.913
44.802
1
30.913
44.802
0
30.913
44.802
0
30.913
44.802
0
30.913
44.802
1
31.137
44.466
1
31.249
44.354
1
31.473
44.242
1
31.585
44.242
1
31.697
44.354
1
31.697
45.026
1
31.585
45.81
1
31.473
46.258
1
31.361
46.482
1
31.137
46.594
1
31.025
46.482
1
31.025
46.258
1
31.137
45.922
1
31.249
45.698
1
31.585
45.138
1
31.809
44.802
1
31.809
44.802
0
31.809
44.802
0
9.8566
60.259
0
9.8566
60.259
1
9.7446
60.035
1
9.4085
59.923
1
9.1845
59.923
1
8.8485
60.035
1
8.6245
60.371
1
8.5125
60.931
1
8.5125
61.491
1
8.6245
61.939
1
8.8485
62.163
1
9.1845
62.275
1
9.2965
62.275
1
9.6325
62.163
1
9.8566
61.939
1
9.9686
61.603
1
9.9686
61.491
1
9.8566
61.155
1
9.6325
60.931
1
9.2965
60.819
1
9.1845
60.819
1
8.8485
60.931
1
8.6245
61.155
1
8.5125
61.491
1
8.5125
61.491
0
8.5125
61.491
0
11.312
59.923
0
11.312
59.923
1
11.312
62.275
1
11.648
61.939
1
11.872
61.827
1
11.872
61.827
0
11.872
61.827
0
13.776
62.275
0
13.776
62.275
1
13.552
62.275
1
13.216
62.163
1
12.992
61.827
1
12.88
61.267
1
12.88
60.931
1
12.992
60.371
1
13.216
60.035
1
13.552
59.923
1
13.776
59.923
1
14.112
60.035
1
14.336
60.371
1
14.448
60.931
1
14.448
61.267
1
14.336
61.827
1
14.112
62.163
1
13.776
62.275
1
13.776
62.275
0
13.776
62.275
0
15.12
59.923
0
15.12
59.923
1
16.689
59.923
1
15.568
61.043
1
15.344
61.379
1
15.232
61.603
1
15.232
61.827
1
15.344
62.051
1
15.456
62.163
1
15.68
62.275
1
16.129
62.275
1
16.353
62.163
1
16.465
62.051
1
16.577
61.827
1
16.577
61.715
1
16.577
61.715
0
16.577
61.715
0
17.585
62.275
0
17.585
62.275
0
17.585
62.275
0
18.705
59.923
0
18.705
59.923
1
18.481
60.147
1
18.481
60.371
1
18.593
60.483
1
18.705
60.371
1
18.593
60.259
1
18.481
60.371
1
18.481
60.371
0
18.481
60.371
0
20.049
59.923
0
20.049
59.923
1
20.049
62.275
1
20.385
61.939
1
20.609
61.827
1
20.609
61.827
0
20.609
61.827
0
22.289
59.923
0
22.289
59.923
1
22.289
62.275
1
22.625
61.939
1
22.849
61.827
1
22.849
61.827
0
22.849
61.827
0
24.081
62.275
0
24.081
62.275
0
24.081
62.275
0
24.641
60.483
0
24.641
60.483
1
24.977
60.147
1
25.313
59.923
1
25.537
59.811
1
25.873
59.587
1
26.209
59.251
1
26.321
58.915
1
26.321
58.691
1
26.209
58.579
1
25.985
58.691
1
25.873
58.915
1
25.201
60.931
1
25.201
60.931
0
25.201
60.931
0
25.313
60.595
0
25.313
60.595
1
25.537
60.259
1
25.761
60.035
1
25.985
59.923
1
26.209
59.923
1
26.321
60.035
1
26.321
60.259
1
26.097
60.931
1
26.321
60.483
1
26.321
60.483
0
26.321
60.483
0
26.321
60.483
0
26.321
60.483
1
26.545
60.147
1
26.657
60.035
1
26.881
59.923
1
26.993
59.923
1
27.105
60.035
1
27.105
60.371
1
26.993
60.931
1
27.217
60.259
1
27.329
60.035
1
27.553
59.923
1
27.777
59.923
1
28.001
60.035
1
28.113
60.259
1
28.113
60.483
1
28.001
60.707
1
27.889
60.819
1
27.665
60.931
1
27.441
60.931
1
27.217
60.819
1
27.105
60.595
1
27.105
60.595
0
27.105
60.595
0
28.113
60.483
0
28.113
60.483
1
28.337
60.147
1
28.449
60.035
1
28.673
59.923
1
28.785
59.923
1
28.897
60.035
1
28.897
60.371
1
28.673
61.155
1
28.561
61.715
1
28.561
61.939
1
28.673
62.163
1
28.897
62.275
1
29.009
62.275
1
29.233
62.163
1
29.345
62.051
1
29.569
61.603
1
29.905
60.707
1
29.905
60.707
0
29.905
60.707
0
30.129
59.923
0
30.129
59.923
1
29.905
60.707
1
29.793
61.155
1
29.681
61.715
1
29.681
61.939
1
29.793
62.163
1
30.017
62.275
1
30.129
62.275
1
30.353
62.163
1
30.465
62.051
1
30.689
61.603
1
31.025
60.707
1
31.025
60.707
0
31.025
60.707
0
31.249
59.923
0
31.249
59.923
1
31.025
60.707
1
30.913
61.155
1
30.801
61.715
1
30.801
61.939
1
30.913
62.163
1
31.137
62.275
1
31.249
62.275
1
31.473
62.163
1
31.585
61.939
1
31.585
61.827
1
31.473
61.603
1
31.249
61.491
1
31.249
61.491
0
31.249
61.491
0
7.1684
49.843
0
7.1684
49.843
1
6.9444
50.067
1
6.9444
50.291
1
7.0564
50.403
1
7.1684
50.291
1
7.0564
50.179
1
6.9444
50.291
1
6.9444
50.291
0
6.9444
50.291
0
7.5044
50.403
0
7.5044
50.403
1
7.7284
50.067
1
7.8404
49.955
1
8.0645
49.843
1
8.2885
49.843
1
8.5125
49.955
1
8.6245
50.179
1
8.6245
50.515
1
8.5125
50.739
1
8.2885
50.851
1
8.1765
50.851
1
8.0645
50.739
1
8.0645
50.515
1
8.1765
50.291
1
8.2885
50.179
1
8.5125
50.067
1
8.5125
50.067
0
8.5125
50.067
0
8.6245
50.403
0
8.6245
50.403
1
8.8485
50.067
1
8.9605
49.955
1
9.1845
49.843
1
9.2965
49.843
1
9.4085
49.955
1
9.4085
50.179
1
9.2965
50.515
1
9.2965
50.739
1
9.4085
50.851
1
9.6325
50.851
1
9.8566
50.739
1
10.08
50.403
1
10.192
50.179
1
10.192
50.179
0
10.192
50.179
0
10.304
49.843
0
10.304
49.843
1
10.192
50.179
1
10.08
50.627
1
10.08
50.739
1
10.192
50.851
1
10.416
50.739
1
10.64
50.403
1
10.64
50.403
0
10.64
50.403
0
10.64
50.403
0
10.64
50.403
1
10.752
50.291
1
10.976
50.179
1
11.312
50.179
1
11.536
50.291
1
11.648
50.515
1
11.648
50.739
1
11.536
50.851
1
11.312
50.739
1
11.2
50.515
1
11.2
50.291
1
11.312
50.067
1
11.424
49.955
1
11.648
49.843
1
11.872
49.843
1
12.096
49.955
1
12.208
50.179
1
12.208
50.403
1
12.096
50.627
1
11.984
50.739
1
11.76
50.851
1
11.536
50.851
1
11.536
50.851
0
11.536
50.851
0
12.208
50.403
0
12.208
50.403
1
12.544
50.067
1
12.88
49.843
1
13.104
49.731
1
13.44
49.507
1
13.776
49.171
1
13.888
48.835
1
13.888
48.611
1
13.776
48.499
1
13.552
48.611
1
13.44
48.835
1
12.768
50.851
1
12.768
50.851
0
12.768
50.851
0
12.88
50.515
0
12.88
50.515
1
13.104
50.179
1
13.328
49.955
1
13.552
49.843
1
13.776
49.843
1
13.888
49.955
1
13.888
50.179
1
13.664
50.851
1
13.888
50.403
1
13.888
50.403
0
13.888
50.403
0
13.888
50.403
0
13.888
50.403
1
14.112
50.067
1
14.224
49.955
1
14.448
49.843
1
14.56
49.843
1
14.672
49.955
1
14.672
50.067
1
14.56
50.403
1
14.56
50.627
1
14.672
50.739
1
15.008
50.739
1
15.008
50.963
1
15.12
50.739
1
15.344
50.403
1
15.344
50.403
0
15.344
50.403
0
15.344
50.403
0
15.344
50.403
1
15.568
50.067
1
15.68
49.955
1
15.904
49.843
1
16.129
49.843
1
16.353
49.955
1
16.465
50.179
1
16.465
50.515
1
16.353
50.739
1
16.129
50.851
1
16.016
50.851
1
15.904
50.739
1
15.904
50.515
1
16.016
50.291
1
16.129
50.179
1
16.353
50.067
1
16.353
50.067
0
16.353
50.067
0
16.465
50.403
0
16.465
50.403
1
16.689
50.291
1
16.913
50.291
1
17.025
50.403
1
17.137
50.851
1
17.137
50.851
0
17.137
50.851
0
17.137
50.851
0
17.137
50.851
1
17.137
50.515
1
17.249
50.179
1
17.473
49.955
1
17.809
49.843
1
17.921
49.843
1
18.033
49.955
1
18.033
50.291
1
17.921
50.851
1
18.145
50.403
1
18.145
50.403
0
18.145
50.403
0
18.481
50.403
0
18.481
50.403
1
18.593
50.179
1
18.817
49.955
1
19.153
49.843
1
19.489
49.843
1
19.825
49.955
1
19.937
50.067
1
20.049
50.291
1
20.049
50.627
1
19.937
50.851
1
19.825
50.963
1
19.489
51.075
1
19.153
51.075
1
19.489
51.187
1
19.601
51.299
1
19.713
51.523
1
19.713
51.859
1
19.601
52.083
1
19.265
52.195
1
18.817
52.195
1
18.481
52.083
1
18.369
51.859
1
18.369
51.635
1
18.481
51.523
1
18.705
51.523
1
18.817
51.635
1
18.817
51.747
1
18.817
51.747
0
18.817
51.747
0
20.945
52.195
0
20.945
52.195
0
20.945
52.195
0
21.617
51.299
0
21.617
51.299
1
22.401
51.299
1
22.401
51.299
0
22.401
51.299
0
21.505
50.403
0
21.505
50.403
1
21.729
50.067
1
21.841
49.955
1
22.065
49.843
1
22.289
49.843
1
22.401
49.955
1
22.401
50.179
1
21.729
52.195
1
21.729
52.195
0
21.729
52.195
0
22.065
51.187
0
22.065
51.187
1
22.289
50.739
1
22.513
50.403
1
22.513
50.403
0
22.513
50.403
0
22.513
50.403
0
22.513
50.403
1
22.737
50.067
1
22.849
49.955
1
23.073
49.843
1
23.521
49.843
1
23.745
49.955
1
23.745
49.955
0
23.745
49.955
0
23.297
49.843
0
23.297
49.843
1
23.073
49.955
1
23.073
50.179
1
23.185
50.403
1
23.409
50.739
1
23.409
50.963
1
23.521
50.739
1
23.745
50.403
1
23.745
50.403
0
23.745
50.403
0
23.745
50.403
0
23.745
50.403
1
23.969
50.067
1
24.081
49.955
1
24.305
49.843
1
24.529
49.843
1
24.753
49.955
1
24.865
50.179
1
24.865
50.515
1
24.753
50.739
1
24.529
50.851
1
24.417
50.851
1
24.305
50.739
1
24.305
50.515
1
24.417
50.291
1
24.529
50.179
1
24.753
50.067
1
24.753
50.067
0
24.753
50.067
0
24.865
50.403
0
24.865
50.403
1
25.089
50.067
1
25.201
49.955
1
25.425
49.843
1
25.537
49.843
1
25.649
49.955
1
25.649
50.067
1
25.537
50.403
1
25.537
50.627
1
25.649
50.739
1
25.985
50.739
1
25.985
50.963
1
26.097
50.739
1
26.321
50.403
1
26.321
50.403
0
26.321
50.403
0
26.321
50.403
0
26.321
50.403
1
26.545
50.067
1
26.657
49.955
1
26.881
49.843
1
26.993
49.843
1
27.105
49.955
1
27.105
50.291
1
26.993
50.851
1
27.217
50.179
1
27.329
49.955
1
27.553
49.843
1
27.777
49.843
1
28.001
49.955
1
28.113
50.179
1
28.113
50.403
1
28.001
50.627
1
27.889
50.739
1
27.665
50.851
1
27.441
50.851
1
27.217
50.739
1
27.105
50.515
1
27.105
50.515
0
27.105
50.515
0
28.113
50.403
0
28.113
50.403
1
28.337
50.067
1
28.449
49.955
1
28.673
49.843
1
28.897
49.843
1
29.121
49.955
1
29.233
50.179
1
29.233
50.515
1
29.121
50.739
1
28.897
50.851
1
28.785
50.851
1
28.673
50.739
1
28.673
50.515
1
28.785
50.291
1
28.897
50.179
1
29.121
50.067
1
29.121
50.067
0
29.121
50.067
0
29.457
50.515
0
29.457
50.515
1
29.681
50.627
1
30.017
50.851
1
30.241
51.075
1
30.465
51.411
1
30.577
51.747
1
30.577
51.971
1
30.353
52.195
1
30.017
52.195
1
29.793
52.083
1
29.681
51.971
1
29.569
51.635
1
29.569
51.187
1
29.681
50.627
1
29.905
50.179
1
30.129
49.955
1
30.465
49.843
1
30.801
49.843
1
31.137
49.955
1
31.361
50.179
1
31.585
50.291
1
31.809
50.291
1
31.921
50.179
1
31.921
49.955
1
31.809
49.843
1
31.585
49.843
1
31.361
49.955
1
31.137
50.179
1
31.025
50.403
1
30.913
50.739
1
30.801
51.411
1
30.689
51.859
1
30.577
52.083
1
30.353
52.195
1
30.353
52.195
0
0.0
0.0
0
